[ggg.jpg]
filters=dir_tint=1,0.547357,0.168595,0.526316,0.250000,ff00020c,0;
moddate=80dc62bf411ad301
width=5184
height=3456
textactive=0
