[ggg.jpg]
filters=dir_tint=1,0.547357,0.168595,0.526316,0.250000,ff00020c,0;
moddate=80dc62bf411ad301
width=5184
height=3456
textactive=0
[ggg.1.jpg]
filters=PicnikTint=1,76.023392,ff000102;dir_tint=1,0.493392,0.385124,1.000000,0.250000,ff000002,0;
moddate=005a9f211014d301
width=5184
height=3456
textactive=0
